The considered threshold (r) is:  0.005
Here I defined Kinks as when (w1*x1 + w2*x2 + b)/ (sqrt(w1**2 + w2**2)) <= r 

The shape of 2d training samples is:  (300, 2)

Loaded Model number is: 0
Kinks for this considered model on 300 training 2d samples:
 [1, 0, 0, 0, 0, 0, 0, 0, 0, 1, 1, 0, 0, 1, 1, 2, 0, 1, 1, 1, 0, 1, 0, 0, 1, 0, 1, 0, 1, 1, 0, 0, 2, 0, 1, 1, 1, 0, 0, 0, 1, 0, 2, 1, 1, 0, 0, 0, 0, 0, 2, 0, 1, 0, 1, 1, 0, 0, 1, 3, 1, 1, 2, 0, 1, 3, 1, 2, 2, 1, 1, 1, 0, 0, 2, 2, 2, 0, 0, 1, 0, 0, 1, 3, 0, 0, 0, 1, 0, 1, 0, 2, 0, 0, 0, 1, 0, 1, 1, 2, 0, 0, 0, 2, 2, 1, 2, 0, 0, 1, 0, 0, 1, 0, 2, 0, 1, 1, 1, 0, 0, 2, 0, 1, 0, 0, 1, 0, 0, 3, 0, 0, 0, 0, 2, 0, 1, 0, 1, 3, 2, 1, 1, 1, 0, 0, 1, 0, 0, 0, 0, 0, 0, 0, 1, 1, 2, 2, 1, 0, 0, 1, 1, 0, 0, 0, 1, 2, 1, 1, 2, 1, 0, 1, 0, 1, 1, 1, 1, 0, 1, 0, 1, 1, 1, 1, 1, 1, 0, 0, 1, 0, 0, 0, 1, 1, 1, 0, 0, 1, 3, 2, 0, 1, 3, 1, 0, 1, 1, 0, 0, 0, 1, 1, 1, 2, 0, 1, 0, 0, 0, 0, 1, 2, 0, 0, 0, 1, 0, 1, 0, 0, 0, 1, 0, 0, 1, 1, 1, 1, 1, 0, 1, 1, 0, 0, 0, 0, 0, 0, 1, 0, 0, 1, 1, 0, 0, 0, 0, 1, 2, 0, 0, 0, 0, 0, 0, 1, 0, 2, 0, 0, 1, 1, 0, 0, 0, 0, 2, 1, 2, 1, 0, 1, 0, 0, 0, 0, 0, 1, 1, 2, 1, 0, 0, 0, 3, 0, 0, 0]

Loaded Model number is: 1
Kinks for this considered model on 300 training 2d samples:
 [1, 0, 0, 2, 0, 1, 2, 0, 0, 0, 0, 1, 0, 2, 0, 0, 0, 0, 1, 0, 0, 0, 1, 1, 0, 0, 1, 0, 1, 1, 0, 0, 0, 0, 1, 0, 0, 0, 0, 0, 1, 0, 0, 1, 1, 1, 2, 1, 0, 2, 2, 0, 1, 1, 1, 0, 0, 1, 0, 1, 1, 0, 2, 0, 1, 1, 2, 1, 1, 0, 0, 1, 1, 0, 0, 0, 0, 0, 0, 2, 1, 1, 0, 1, 1, 0, 1, 1, 0, 0, 0, 1, 0, 1, 0, 0, 1, 0, 2, 0, 1, 1, 1, 0, 1, 0, 2, 0, 0, 1, 3, 0, 1, 0, 1, 2, 1, 3, 0, 0, 0, 2, 1, 1, 1, 0, 0, 0, 1, 1, 0, 0, 1, 1, 1, 0, 2, 1, 0, 1, 0, 2, 1, 1, 1, 0, 0, 0, 3, 0, 1, 0, 1, 0, 0, 2, 1, 3, 1, 0, 1, 1, 0, 0, 1, 0, 2, 0, 0, 0, 0, 1, 1, 2, 0, 0, 1, 0, 2, 3, 0, 1, 1, 1, 1, 0, 1, 1, 0, 1, 0, 1, 0, 1, 1, 0, 0, 1, 1, 2, 4, 0, 0, 0, 0, 2, 0, 1, 1, 0, 0, 0, 1, 0, 4, 1, 0, 2, 1, 0, 0, 0, 2, 0, 0, 1, 1, 0, 3, 0, 1, 1, 1, 1, 2, 2, 0, 1, 0, 1, 1, 0, 2, 0, 0, 0, 1, 0, 0, 0, 0, 2, 1, 0, 0, 0, 1, 0, 1, 0, 1, 0, 2, 2, 1, 0, 0, 1, 0, 3, 0, 0, 1, 1, 2, 2, 0, 2, 0, 1, 0, 1, 1, 0, 0, 1, 1, 0, 1, 0, 1, 0, 3, 0, 1, 1, 1, 1, 1, 1]

Loaded Model number is: 5
Kinks for this considered model on 300 training 2d samples:
 [2, 3, 0, 0, 1, 0, 2, 0, 1, 0, 0, 2, 0, 0, 0, 0, 1, 2, 1, 0, 0, 0, 1, 1, 1, 0, 1, 2, 2, 2, 0, 2, 1, 2, 1, 3, 0, 0, 0, 1, 0, 0, 0, 0, 1, 0, 0, 1, 0, 1, 1, 0, 0, 0, 1, 1, 1, 0, 0, 0, 1, 0, 0, 1, 0, 0, 0, 1, 2, 0, 1, 4, 1, 1, 0, 1, 0, 1, 0, 1, 2, 0, 2, 0, 1, 1, 0, 0, 0, 0, 2, 1, 0, 1, 0, 1, 1, 1, 0, 1, 2, 1, 0, 1, 0, 1, 2, 1, 0, 2, 0, 1, 1, 0, 0, 2, 0, 1, 3, 0, 0, 0, 3, 1, 2, 0, 1, 0, 0, 0, 2, 0, 0, 2, 0, 2, 0, 0, 0, 1, 2, 0, 2, 1, 0, 0, 0, 1, 1, 0, 1, 3, 0, 2, 0, 3, 1, 1, 0, 1, 0, 0, 0, 1, 1, 0, 0, 1, 0, 1, 0, 1, 0, 1, 1, 2, 1, 1, 0, 0, 1, 0, 0, 0, 0, 1, 2, 0, 0, 0, 1, 0, 1, 2, 0, 1, 0, 1, 1, 1, 1, 1, 0, 0, 0, 2, 0, 0, 1, 0, 0, 0, 1, 0, 1, 0, 1, 0, 0, 1, 1, 1, 0, 3, 0, 1, 0, 0, 1, 0, 1, 1, 0, 1, 0, 3, 1, 1, 1, 0, 0, 0, 1, 0, 1, 0, 0, 0, 0, 0, 0, 0, 0, 1, 0, 0, 0, 0, 0, 1, 0, 0, 0, 1, 0, 1, 0, 2, 0, 2, 0, 2, 0, 0, 0, 2, 0, 0, 0, 1, 0, 0, 0, 1, 0, 1, 0, 1, 0, 0, 2, 0, 1, 1, 1, 1, 1, 0, 0, 1]

Loaded Model number is: 10
Kinks for this considered model on 300 training 2d samples:
 [1, 1, 1, 0, 1, 1, 1, 0, 0, 1, 2, 3, 0, 0, 1, 1, 2, 0, 1, 1, 1, 0, 0, 0, 0, 0, 1, 3, 1, 2, 0, 1, 1, 0, 0, 1, 1, 0, 1, 0, 1, 1, 0, 0, 1, 1, 0, 0, 1, 0, 0, 2, 2, 1, 3, 0, 0, 0, 2, 1, 1, 0, 0, 1, 1, 1, 0, 0, 0, 0, 1, 0, 1, 0, 2, 0, 0, 1, 0, 0, 1, 1, 1, 0, 0, 0, 1, 0, 0, 0, 1, 0, 0, 0, 0, 1, 1, 1, 1, 0, 1, 0, 0, 0, 1, 0, 2, 2, 0, 2, 2, 2, 0, 0, 0, 0, 1, 0, 2, 2, 1, 1, 3, 1, 1, 0, 0, 2, 1, 0, 2, 0, 0, 0, 1, 2, 0, 0, 1, 0, 1, 1, 2, 3, 0, 1, 0, 3, 1, 0, 2, 0, 0, 0, 1, 2, 0, 1, 0, 2, 0, 1, 0, 0, 1, 1, 1, 0, 1, 1, 0, 0, 1, 1, 1, 1, 0, 0, 1, 1, 2, 0, 2, 0, 0, 0, 2, 0, 1, 0, 0, 1, 1, 0, 0, 1, 0, 0, 1, 0, 0, 1, 1, 0, 0, 0, 1, 0, 0, 1, 0, 2, 1, 0, 1, 0, 1, 0, 0, 1, 0, 0, 1, 3, 1, 0, 2, 0, 0, 0, 0, 2, 0, 0, 0, 1, 1, 0, 0, 0, 0, 1, 1, 1, 3, 2, 1, 0, 0, 2, 0, 0, 1, 0, 0, 0, 1, 0, 0, 0, 0, 0, 0, 3, 0, 0, 0, 1, 0, 1, 1, 1, 0, 2, 0, 0, 2, 1, 0, 0, 0, 1, 0, 1, 0, 0, 0, 0, 0, 0, 2, 1, 1, 2, 1, 1, 0, 1, 2, 0]

Loaded Model number is: 50
Kinks for this considered model on 300 training 2d samples:
 [2, 2, 1, 1, 1, 0, 1, 0, 1, 1, 2, 1, 1, 0, 2, 2, 0, 0, 0, 2, 0, 1, 3, 1, 1, 1, 0, 0, 0, 3, 1, 2, 0, 0, 3, 0, 0, 1, 0, 1, 0, 1, 0, 0, 0, 0, 1, 1, 0, 0, 0, 0, 0, 0, 3, 2, 2, 0, 3, 2, 1, 0, 1, 1, 0, 2, 0, 2, 1, 4, 0, 1, 2, 0, 1, 3, 2, 1, 0, 0, 0, 0, 0, 2, 1, 0, 0, 0, 4, 1, 0, 2, 0, 1, 0, 0, 0, 0, 0, 0, 3, 0, 2, 1, 1, 0, 0, 0, 0, 2, 1, 0, 0, 0, 2, 1, 0, 3, 0, 3, 0, 1, 0, 0, 1, 0, 0, 2, 0, 0, 0, 0, 1, 1, 1, 0, 1, 0, 0, 0, 0, 1, 0, 2, 0, 0, 1, 0, 0, 2, 2, 3, 3, 0, 3, 2, 1, 0, 0, 0, 0, 0, 1, 1, 4, 1, 0, 0, 3, 1, 0, 0, 3, 0, 1, 0, 1, 3, 2, 0, 3, 1, 2, 1, 1, 0, 2, 1, 1, 1, 0, 1, 1, 1, 0, 2, 5, 0, 1, 1, 2, 1, 0, 1, 1, 0, 3, 0, 1, 0, 1, 1, 1, 2, 2, 5, 0, 1, 0, 0, 2, 0, 1, 1, 1, 0, 2, 1, 0, 1, 1, 1, 0, 1, 0, 1, 1, 2, 0, 1, 1, 0, 2, 0, 1, 1, 0, 3, 0, 2, 0, 0, 1, 0, 2, 1, 1, 2, 1, 0, 1, 0, 1, 2, 0, 0, 0, 0, 0, 0, 0, 0, 1, 0, 3, 2, 2, 0, 0, 0, 0, 1, 3, 0, 0, 1, 2, 0, 0, 0, 3, 1, 1, 2, 1, 1, 3, 2, 1, 3]

Loaded Model number is: 100
Kinks for this considered model on 300 training 2d samples:
 [0, 3, 1, 1, 3, 0, 0, 0, 2, 0, 1, 1, 0, 0, 0, 1, 0, 2, 1, 0, 2, 4, 5, 1, 4, 0, 1, 0, 0, 0, 0, 0, 1, 0, 1, 2, 1, 0, 2, 0, 0, 0, 1, 1, 0, 2, 0, 2, 2, 0, 6, 1, 0, 0, 3, 0, 2, 0, 0, 0, 0, 0, 1, 0, 0, 2, 2, 2, 1, 0, 0, 2, 0, 3, 2, 1, 0, 1, 0, 1, 0, 0, 1, 0, 3, 1, 1, 1, 2, 6, 0, 2, 0, 1, 1, 0, 0, 0, 0, 5, 1, 2, 2, 0, 4, 0, 1, 0, 0, 1, 1, 1, 2, 3, 0, 0, 0, 1, 0, 2, 1, 1, 0, 1, 0, 0, 0, 1, 1, 0, 2, 0, 6, 2, 0, 0, 1, 1, 1, 0, 1, 1, 0, 1, 2, 0, 1, 0, 1, 0, 1, 4, 2, 0, 0, 1, 1, 0, 0, 0, 0, 0, 3, 0, 3, 0, 0, 0, 2, 1, 1, 0, 3, 0, 1, 2, 0, 1, 3, 0, 2, 1, 0, 0, 1, 0, 1, 0, 1, 0, 1, 2, 0, 0, 1, 2, 1, 0, 2, 2, 2, 2, 0, 3, 1, 1, 5, 1, 0, 2, 0, 1, 1, 0, 0, 5, 2, 3, 0, 0, 2, 0, 0, 1, 1, 0, 0, 0, 1, 0, 0, 0, 0, 9, 2, 1, 7, 1, 0, 1, 1, 0, 1, 0, 0, 2, 0, 0, 0, 7, 2, 0, 2, 0, 1, 3, 2, 3, 1, 2, 0, 3, 0, 5, 0, 0, 1, 0, 0, 1, 0, 0, 1, 0, 3, 2, 0, 0, 2, 0, 0, 0, 1, 1, 0, 0, 6, 0, 4, 1, 1, 0, 0, 0, 1, 2, 0, 4, 3, 3]

Loaded Model number is: 200
Kinks for this considered model on 300 training 2d samples:
 [0, 0, 1, 4, 0, 0, 0, 0, 1, 0, 2, 1, 0, 0, 0, 1, 0, 1, 1, 2, 4, 0, 0, 0, 1, 0, 0, 0, 0, 1, 0, 0, 1, 0, 0, 0, 0, 0, 0, 0, 0, 0, 0, 1, 0, 0, 1, 0, 0, 0, 3, 0, 0, 1, 1, 1, 2, 2, 1, 0, 0, 0, 0, 0, 1, 2, 2, 4, 0, 1, 2, 3, 0, 1, 0, 4, 1, 0, 1, 1, 0, 2, 0, 1, 3, 0, 0, 0, 2, 0, 0, 0, 0, 1, 1, 2, 3, 0, 0, 0, 2, 0, 5, 1, 0, 1, 1, 0, 1, 0, 4, 8, 2, 3, 1, 1, 0, 2, 0, 0, 11, 0, 3, 0, 4, 1, 0, 0, 2, 0, 1, 1, 1, 0, 0, 1, 0, 1, 5, 0, 3, 0, 0, 2, 0, 0, 1, 0, 0, 5, 2, 5, 0, 6, 0, 0, 0, 0, 1, 1, 0, 0, 1, 0, 5, 0, 0, 0, 2, 0, 0, 0, 1, 0, 0, 1, 1, 0, 0, 1, 2, 2, 3, 0, 0, 3, 2, 0, 4, 0, 1, 1, 0, 0, 5, 0, 0, 0, 5, 1, 1, 1, 2, 1, 1, 0, 0, 3, 1, 3, 1, 0, 0, 0, 1, 9, 0, 2, 0, 0, 0, 0, 0, 1, 4, 0, 0, 0, 0, 0, 1, 0, 0, 0, 1, 0, 1, 1, 0, 3, 3, 1, 0, 1, 1, 2, 2, 1, 0, 3, 1, 2, 3, 0, 0, 3, 2, 4, 0, 0, 1, 4, 1, 0, 0, 0, 1, 0, 0, 0, 0, 1, 2, 1, 5, 3, 1, 1, 1, 0, 0, 0, 0, 0, 0, 0, 0, 0, 2, 1, 0, 0, 0, 0, 1, 1, 5, 5, 1, 8]

Loaded Model number is: 500
Kinks for this considered model on 300 training 2d samples:
 [2, 1, 0, 9, 0, 0, 3, 1, 2, 0, 0, 7, 0, 0, 0, 0, 2, 1, 1, 1, 4, 0, 0, 1, 0, 0, 1, 3, 1, 5, 0, 0, 2, 3, 3, 15, 1, 0, 2, 0, 1, 2, 0, 0, 0, 1, 1, 0, 0, 0, 3, 0, 0, 0, 2, 0, 1, 0, 0, 0, 0, 0, 0, 0, 2, 0, 3, 1, 1, 0, 4, 0, 2, 0, 0, 1, 0, 0, 0, 3, 0, 0, 4, 1, 2, 0, 0, 0, 1, 0, 0, 1, 0, 0, 2, 1, 1, 0, 3, 0, 0, 0, 2, 0, 0, 0, 0, 1, 0, 0, 3, 0, 4, 2, 1, 0, 1, 0, 3, 0, 1, 0, 8, 1, 0, 1, 1, 0, 3, 0, 0, 0, 0, 0, 1, 2, 0, 4, 0, 0, 5, 7, 3, 0, 0, 0, 0, 0, 5, 0, 1, 0, 1, 0, 0, 0, 1, 0, 0, 0, 0, 2, 4, 0, 8, 0, 2, 0, 12, 0, 1, 0, 3, 0, 1, 1, 0, 0, 4, 1, 3, 2, 1, 0, 0, 7, 0, 0, 0, 0, 0, 2, 1, 0, 6, 0, 0, 0, 0, 5, 0, 1, 5, 3, 0, 1, 4, 2, 4, 2, 4, 0, 0, 0, 0, 2, 0, 1, 0, 0, 0, 0, 1, 1, 2, 0, 0, 0, 0, 0, 1, 0, 0, 0, 1, 3, 0, 3, 0, 4, 0, 0, 2, 0, 2, 2, 13, 0, 0, 9, 2, 2, 1, 0, 0, 3, 5, 4, 1, 0, 9, 0, 0, 0, 0, 0, 3, 0, 0, 0, 0, 1, 0, 0, 7, 1, 4, 2, 2, 0, 0, 0, 0, 0, 0, 0, 1, 0, 0, 0, 1, 5, 0, 0, 2, 1, 0, 9, 1, 1]

Loaded Model number is: 1000
Kinks for this considered model on 300 training 2d samples:
 [0, 0, 0, 9, 0, 0, 0, 0, 0, 0, 0, 0, 0, 0, 0, 0, 1, 8, 3, 0, 10, 0, 0, 1, 0, 0, 2, 0, 0, 0, 0, 0, 0, 0, 0, 0, 13, 0, 2, 0, 0, 0, 4, 1, 0, 0, 0, 4, 0, 0, 2, 0, 3, 4, 1, 1, 1, 0, 0, 0, 0, 0, 0, 0, 0, 0, 6, 0, 4, 0, 1, 0, 0, 0, 0, 0, 0, 0, 0, 2, 0, 0, 0, 7, 0, 0, 0, 1, 0, 0, 0, 2, 0, 0, 0, 0, 0, 0, 0, 0, 0, 0, 0, 0, 0, 0, 0, 0, 0, 0, 0, 0, 1, 0, 2, 0, 0, 0, 0, 0, 0, 0, 0, 0, 0, 0, 0, 0, 2, 0, 0, 0, 1, 0, 2, 0, 0, 2, 0, 0, 6, 0, 0, 0, 0, 0, 0, 0, 0, 0, 0, 0, 0, 0, 0, 0, 1, 0, 0, 0, 0, 0, 0, 0, 0, 0, 1, 0, 0, 0, 0, 0, 1, 0, 0, 0, 0, 0, 0, 1, 0, 9, 0, 0, 0, 0, 0, 0, 0, 0, 0, 4, 0, 0, 0, 0, 0, 0, 0, 0, 0, 7, 0, 2, 0, 6, 0, 8, 4, 0, 0, 1, 0, 0, 0, 4, 4, 1, 0, 0, 0, 0, 0, 4, 0, 0, 0, 0, 0, 0, 0, 0, 0, 0, 2, 0, 0, 0, 0, 0, 0, 0, 0, 0, 2, 4, 3, 0, 0, 1, 4, 0, 0, 0, 0, 1, 0, 4, 0, 0, 0, 0, 0, 0, 0, 0, 1, 0, 0, 0, 1, 22, 2, 1, 4, 5, 0, 0, 1, 0, 0, 0, 0, 0, 0, 0, 3, 0, 0, 0, 0, 0, 0, 0, 0, 0, 0, 0, 6, 0]

Loaded Model number is: 2000
Kinks for this considered model on 300 training 2d samples:
 [0, 0, 0, 7, 0, 1, 3, 0, 0, 0, 3, 0, 0, 0, 0, 0, 0, 0, 1, 0, 1, 0, 0, 0, 0, 1, 1, 0, 0, 0, 0, 0, 0, 0, 6, 0, 0, 0, 1, 0, 0, 0, 1, 1, 0, 0, 3, 0, 0, 0, 3, 1, 0, 0, 0, 0, 2, 0, 2, 0, 1, 0, 0, 0, 0, 0, 5, 0, 0, 0, 0, 0, 0, 0, 0, 0, 0, 0, 0, 1, 0, 0, 0, 6, 0, 0, 0, 0, 0, 0, 0, 0, 0, 0, 0, 0, 0, 0, 0, 0, 0, 2, 0, 1, 0, 0, 0, 0, 0, 0, 0, 0, 0, 0, 1, 0, 0, 0, 0, 0, 0, 0, 5, 0, 0, 0, 0, 1, 0, 0, 0, 0, 0, 0, 0, 0, 0, 15, 0, 0, 7, 0, 0, 0, 0, 0, 0, 0, 0, 0, 1, 0, 1, 0, 0, 0, 1, 0, 2, 0, 0, 0, 0, 0, 2, 0, 1, 0, 0, 0, 0, 0, 0, 0, 0, 0, 0, 0, 0, 0, 3, 10, 0, 1, 0, 0, 0, 0, 0, 0, 0, 0, 1, 0, 0, 0, 0, 0, 0, 0, 1, 5, 0, 2, 0, 8, 0, 9, 12, 0, 0, 0, 0, 0, 0, 1, 0, 3, 1, 0, 0, 0, 0, 0, 0, 0, 0, 0, 0, 0, 0, 1, 0, 0, 0, 0, 0, 2, 0, 0, 0, 0, 3, 0, 4, 3, 10, 0, 0, 2, 4, 0, 0, 0, 0, 1, 1, 4, 2, 0, 0, 0, 0, 0, 0, 0, 0, 0, 0, 0, 0, 0, 0, 34, 4, 1, 0, 0, 3, 0, 0, 0, 0, 2, 0, 0, 1, 0, 0, 1, 0, 0, 0, 0, 1, 0, 0, 0, 1, 0]

Loaded Model number is: 3000
Kinks for this considered model on 300 training 2d samples:
 [0, 3, 0, 5, 0, 0, 0, 0, 4, 0, 3, 0, 1, 0, 0, 0, 0, 0, 1, 0, 1, 0, 2, 0, 1, 1, 0, 1, 0, 0, 1, 0, 4, 0, 3, 0, 0, 0, 1, 0, 0, 0, 2, 2, 0, 0, 7, 0, 0, 0, 2, 0, 4, 1, 6, 0, 1, 0, 3, 0, 1, 0, 0, 0, 0, 0, 3, 0, 0, 1, 0, 0, 1, 0, 0, 0, 0, 0, 0, 0, 0, 0, 0, 0, 0, 0, 0, 0, 0, 0, 0, 0, 1, 0, 3, 4, 4, 0, 0, 0, 0, 2, 0, 0, 0, 1, 0, 0, 0, 0, 0, 0, 0, 0, 5, 0, 0, 0, 0, 0, 0, 0, 3, 0, 0, 0, 2, 1, 3, 0, 1, 0, 0, 0, 0, 0, 0, 11, 0, 0, 6, 5, 1, 0, 0, 0, 0, 0, 0, 0, 1, 0, 4, 0, 0, 0, 1, 0, 0, 3, 0, 0, 0, 0, 6, 0, 0, 0, 0, 0, 0, 0, 0, 1, 0, 0, 0, 0, 2, 0, 2, 4, 0, 0, 0, 0, 0, 1, 0, 0, 0, 0, 4, 0, 0, 0, 0, 0, 0, 0, 0, 3, 0, 0, 0, 4, 6, 2, 15, 0, 0, 0, 0, 0, 0, 3, 1, 0, 2, 0, 0, 0, 0, 14, 0, 1, 0, 0, 0, 1, 0, 2, 0, 0, 0, 0, 0, 0, 0, 0, 0, 3, 2, 0, 1, 3, 7, 0, 0, 0, 2, 0, 4, 0, 0, 1, 0, 4, 0, 0, 0, 0, 1, 0, 0, 0, 0, 0, 0, 0, 0, 1, 0, 1, 4, 1, 3, 0, 2, 0, 1, 0, 0, 1, 0, 0, 0, 0, 0, 0, 0, 0, 0, 0, 0, 0, 0, 0, 1, 0]

Loaded Model number is: 4000
Kinks for this considered model on 300 training 2d samples:
 [0, 0, 0, 5, 0, 1, 0, 0, 8, 0, 0, 0, 1, 0, 1, 0, 1, 0, 1, 0, 0, 0, 0, 0, 0, 1, 0, 0, 1, 0, 0, 0, 1, 0, 5, 0, 0, 0, 0, 0, 0, 0, 0, 1, 0, 0, 8, 1, 0, 0, 2, 1, 8, 0, 6, 1, 2, 0, 0, 0, 1, 0, 0, 0, 0, 0, 3, 0, 0, 2, 0, 0, 0, 0, 0, 0, 0, 0, 0, 0, 0, 0, 1, 2, 0, 1, 3, 0, 0, 2, 0, 0, 0, 0, 4, 1, 1, 0, 0, 0, 0, 1, 0, 0, 0, 0, 0, 0, 0, 0, 0, 0, 0, 0, 0, 0, 0, 0, 0, 2, 0, 3, 0, 0, 2, 0, 2, 0, 4, 0, 1, 0, 0, 0, 3, 0, 0, 10, 0, 0, 5, 10, 1, 0, 0, 0, 0, 1, 0, 0, 0, 0, 7, 0, 0, 0, 2, 2, 5, 1, 0, 1, 0, 0, 4, 0, 0, 0, 1, 0, 0, 0, 0, 4, 2, 0, 0, 0, 0, 0, 2, 4, 0, 0, 0, 0, 0, 1, 0, 0, 0, 2, 1, 0, 0, 0, 0, 0, 0, 0, 0, 5, 0, 0, 0, 3, 5, 5, 16, 0, 0, 0, 2, 3, 1, 5, 3, 5, 0, 0, 0, 0, 0, 17, 0, 0, 0, 0, 0, 3, 0, 1, 0, 0, 0, 0, 0, 0, 0, 0, 0, 4, 2, 0, 7, 3, 4, 0, 0, 0, 1, 0, 1, 0, 0, 0, 0, 4, 2, 0, 0, 2, 1, 0, 0, 0, 0, 0, 0, 1, 0, 3, 0, 2, 4, 1, 2, 0, 1, 0, 0, 0, 0, 1, 0, 0, 0, 0, 0, 0, 0, 0, 0, 0, 0, 0, 0, 0, 1, 0]

Loaded Model number is: 5000
Kinks for this considered model on 300 training 2d samples:
 [0, 0, 0, 5, 0, 0, 0, 0, 10, 0, 2, 0, 1, 0, 0, 0, 1, 0, 1, 0, 0, 0, 2, 0, 0, 1, 0, 0, 0, 0, 0, 0, 1, 0, 2, 0, 0, 0, 0, 0, 0, 2, 0, 1, 1, 0, 3, 0, 0, 0, 2, 1, 13, 0, 6, 0, 2, 0, 0, 0, 0, 0, 3, 0, 0, 0, 3, 0, 0, 1, 0, 0, 0, 0, 0, 0, 0, 0, 0, 0, 0, 0, 0, 0, 0, 0, 1, 0, 0, 0, 1, 0, 0, 0, 2, 1, 1, 0, 0, 0, 0, 0, 0, 0, 0, 0, 0, 0, 0, 0, 0, 0, 0, 0, 0, 0, 0, 0, 0, 2, 2, 4, 0, 0, 0, 0, 4, 0, 2, 0, 0, 0, 0, 0, 5, 0, 0, 10, 0, 0, 6, 10, 0, 0, 0, 0, 0, 0, 0, 2, 0, 0, 14, 0, 0, 0, 0, 1, 3, 3, 0, 2, 0, 0, 3, 0, 1, 0, 5, 0, 2, 0, 3, 2, 5, 0, 0, 0, 0, 0, 0, 1, 0, 0, 0, 0, 0, 0, 0, 0, 2, 2, 3, 0, 0, 0, 0, 0, 0, 0, 0, 3, 0, 0, 0, 1, 5, 2, 16, 0, 0, 1, 0, 1, 0, 2, 4, 2, 1, 0, 0, 0, 0, 14, 0, 0, 0, 0, 0, 0, 2, 0, 0, 0, 0, 0, 0, 0, 0, 0, 0, 2, 0, 0, 10, 3, 3, 0, 0, 0, 2, 0, 0, 0, 0, 0, 1, 4, 1, 0, 0, 3, 3, 0, 0, 0, 0, 0, 0, 3, 1, 7, 0, 1, 4, 1, 2, 0, 2, 0, 0, 0, 0, 1, 0, 0, 0, 0, 0, 2, 2, 0, 0, 0, 0, 0, 0, 0, 1, 0]

Loaded Model number is: 6000
Kinks for this considered model on 300 training 2d samples:
 [1, 1, 0, 0, 0, 0, 0, 4, 5, 0, 1, 0, 1, 0, 0, 0, 1, 1, 1, 0, 0, 0, 0, 0, 0, 0, 0, 0, 0, 1, 0, 0, 0, 0, 2, 0, 0, 0, 0, 0, 0, 1, 2, 1, 0, 0, 0, 0, 1, 0, 2, 0, 16, 1, 2, 0, 1, 0, 0, 0, 2, 0, 0, 0, 0, 0, 4, 0, 0, 1, 0, 0, 0, 1, 0, 0, 0, 0, 0, 0, 0, 0, 0, 0, 1, 0, 1, 0, 0, 0, 0, 0, 0, 0, 0, 0, 0, 0, 0, 0, 0, 0, 0, 0, 0, 0, 0, 0, 2, 0, 0, 0, 0, 0, 1, 0, 0, 1, 0, 0, 0, 1, 0, 1, 0, 1, 10, 0, 0, 0, 0, 1, 0, 0, 1, 0, 0, 12, 0, 0, 6, 5, 2, 1, 0, 1, 0, 0, 0, 2, 0, 0, 14, 0, 0, 0, 1, 1, 1, 0, 0, 3, 0, 0, 3, 0, 0, 0, 3, 0, 2, 0, 1, 1, 1, 0, 0, 0, 0, 0, 1, 3, 0, 0, 0, 0, 2, 2, 0, 0, 1, 0, 2, 0, 0, 0, 0, 0, 0, 0, 1, 3, 0, 0, 0, 1, 3, 3, 16, 0, 0, 2, 3, 3, 1, 3, 0, 1, 0, 0, 0, 0, 0, 20, 0, 0, 0, 1, 0, 1, 1, 0, 0, 0, 0, 0, 0, 0, 0, 0, 0, 1, 3, 0, 6, 3, 3, 0, 0, 0, 0, 2, 1, 0, 1, 0, 0, 4, 1, 0, 0, 3, 0, 0, 0, 0, 0, 0, 0, 3, 0, 0, 0, 1, 4, 2, 2, 0, 1, 0, 0, 0, 0, 0, 1, 0, 0, 0, 0, 1, 2, 0, 0, 0, 1, 0, 0, 0, 1, 0]

Loaded Model number is: 7000
Kinks for this considered model on 300 training 2d samples:
 [0, 0, 0, 0, 0, 2, 0, 3, 3, 0, 0, 0, 1, 0, 2, 0, 1, 0, 1, 0, 0, 1, 0, 0, 0, 0, 0, 0, 0, 1, 0, 0, 0, 0, 1, 0, 0, 0, 0, 0, 2, 0, 0, 2, 0, 0, 1, 0, 0, 0, 2, 0, 16, 0, 2, 0, 1, 0, 1, 0, 0, 0, 0, 0, 1, 0, 4, 0, 4, 2, 0, 0, 0, 0, 0, 0, 2, 0, 0, 0, 0, 0, 0, 0, 0, 0, 1, 1, 0, 3, 0, 0, 0, 1, 0, 0, 0, 0, 0, 1, 0, 1, 0, 0, 0, 0, 0, 0, 2, 1, 0, 0, 0, 0, 1, 0, 0, 0, 1, 0, 1, 1, 0, 0, 0, 1, 10, 0, 0, 0, 1, 1, 0, 0, 1, 1, 0, 12, 1, 0, 5, 8, 0, 0, 0, 3, 1, 1, 0, 1, 0, 0, 16, 0, 0, 0, 1, 0, 5, 2, 0, 0, 0, 0, 3, 1, 0, 0, 4, 0, 1, 0, 4, 2, 2, 0, 0, 1, 0, 0, 2, 3, 0, 0, 0, 0, 2, 1, 0, 0, 0, 2, 1, 0, 0, 0, 0, 0, 0, 0, 0, 3, 0, 0, 0, 2, 5, 2, 18, 0, 0, 2, 3, 0, 2, 3, 2, 3, 0, 0, 0, 0, 0, 18, 0, 0, 0, 0, 0, 1, 2, 1, 0, 0, 0, 0, 0, 1, 0, 0, 0, 2, 0, 0, 1, 3, 3, 0, 0, 0, 0, 1, 4, 0, 0, 0, 0, 6, 2, 0, 0, 3, 0, 0, 0, 0, 0, 0, 0, 3, 0, 0, 1, 1, 4, 2, 1, 0, 1, 0, 0, 0, 0, 0, 0, 0, 0, 0, 0, 0, 2, 0, 0, 0, 0, 0, 1, 0, 1, 0]

